{{0,0,28.213572},{1,0,2.578289},{2,0,-9.324541},{3,0,-0.348856},{4,0,-3.661743},{5,0,-1.085374},{20,0,-10.807452},{21,0,-0.155984},{772,0,-4.409837},{773,0,-0.988075},{0,1,2.578289},{1,1,24.379397},{2,1,-0.348856},{3,1,-5.363892},{4,1,-1.085374},{5,1,-7.178203},{20,1,-0.155984},{21,1,-4.888781},{772,1,-0.988075},{773,1,-6.938520},{0,2,-9.324541},{1,2,-0.348856},{2,2,26.842208},{3,2,2.362761},{4,2,-1.678950},{5,2,1.690225},{6,2,-4.861917},{7,2,-2.457953},{8,2,2.178536},{9,2,0.525871},{736,2,-7.671110},{737,2,-0.713404},{772,2,-5.174009},{773,2,-1.957947},{774,2,-0.372665},{775,2,-1.064773},{798,2,0.072449},{799,2,1.964074},{0,3,-0.348856},{1,3,-5.363892},{2,3,2.362761},{3,3,21.026483},{4,3,1.690225},{5,3,0.199870},{6,3,-2.457953},{7,3,-4.997976},{8,3,0.525871},{9,3,-1.496358},{736,3,-0.713404},{737,3,-2.697594},{772,3,-1.957947},{773,3,-2.429904},{774,3,-1.064773},{775,3,-3.845268},{798,3,1.964074},{799,3,-0.385361},{0,4,-3.661743},{1,4,-1.085374},{2,4,-1.678950},{3,4,1.690225},{4,4,27.892107},{5,4,3.729243},{8,4,-10.973412},{9,4,-3.140843},{14,4,1.519939},{15,4,0.365947},{16,4,-6.481140},{17,4,1.086449},{20,4,-6.606801},{21,4,-2.645647},{0,5,-1.085374},{1,5,-7.178203},{2,5,1.690225},{3,5,0.199870},{4,5,3.729243},{5,5,23.577116},{8,5,-3.140843},{9,5,-7.296984},{14,5,0.365947},{15,5,-2.424915},{16,5,1.086449},{17,5,-2.075360},{20,5,-2.645647},{21,5,-4.791523},{2,6,-4.861917},{3,6,-2.457953},{6,6,25.872335},{7,6,2.418745},{8,6,-8.376758},{9,6,0.679632},{10,6,1.912943},{11,6,1.075402},{116,6,-6.349241},{117,6,-2.838000},{118,6,-7.967871},{119,6,-0.660503},{736,6,-0.219491},{737,6,1.782677},{2,7,-2.457953},{3,7,-4.997976},{6,7,2.418745},{7,7,21.390298},{8,7,0.679632},{9,7,-2.994911},{10,7,1.075402},{11,7,-1.477704},{116,7,-2.838000},{117,7,-6.927816},{118,7,-0.660503},{119,7,-2.734575},{736,7,1.782677},{737,7,-2.247314},{2,8,2.178536},{3,8,0.525871},{4,8,-10.973412},{5,8,-3.140843},{6,8,-8.376758},{7,8,0.679632},{8,8,30.033363},{9,8,3.342353},{10,8,-8.194909},{11,8,-3.057359},{12,8,2.263845},{13,8,0.683558},{14,8,-6.920666},{15,8,0.966788},{2,9,0.525871},{3,9,-1.496358},{4,9,-3.140843},{5,9,-7.296984},{6,9,0.679632},{7,9,-2.994911},{8,9,3.342353},{9,9,22.188171},{10,9,-3.057359},{11,9,-6.597668},{12,9,0.683558},{13,9,-1.504767},{14,9,0.966788},{15,9,-2.287483},{6,10,1.912943},{7,10,1.075402},{8,10,-8.194909},{9,10,-3.057359},{10,10,26.875714},{11,10,2.833474},{12,10,-6.223836},{13,10,0.924937},{44,10,1.044786},{45,10,0.488822},{112,10,-7.138770},{113,10,-2.823607},{116,10,-8.265929},{117,10,0.558331},{6,11,1.075402},{7,11,-1.477704},{8,11,-3.057359},{9,11,-6.597668},{10,11,2.833474},{11,11,21.338578},{12,11,0.924937},{13,11,-1.772482},{44,11,0.488822},{45,11,-2.856355},{112,11,-2.823607},{113,11,-5.636709},{116,11,0.558331},{117,11,-2.987659},{8,12,2.263845},{9,12,0.683558},{10,12,-6.223836},{11,12,0.924937},{12,12,31.971152},{13,12,4.110058},{14,12,-8.944205},{15,12,-3.126007},{42,12,-9.241611},{43,12,0.518027},{44,12,-12.488859},{45,12,-3.582367},{46,12,2.673512},{47,12,0.471794},{8,13,0.683558},{9,13,-1.504767},{10,13,0.924937},{11,13,-1.772482},{12,13,4.110058},{13,13,23.350238},{14,13,-3.126007},{15,13,-6.828499},{42,13,0.518027},{43,13,-3.482142},{44,13,-3.582367},{45,13,-8.731639},{46,13,0.471794},{47,13,-1.020709},{4,14,1.519939},{5,14,0.365947},{8,14,-6.920666},{9,14,0.966788},{12,14,-8.944205},{13,14,-3.126007},{14,14,29.371896},{15,14,2.744449},{16,14,-7.817773},{17,14,-2.675661},{40,14,-10.051870},{41,14,0.658186},{42,14,2.852677},{43,14,1.066298},{4,15,0.365947},{5,15,-2.424915},{8,15,0.966788},{9,15,-2.287483},{12,15,-3.126007},{13,15,-6.828499},{14,15,2.744449},{15,15,21.646839},{16,15,-2.675661},{17,15,-5.260265},{40,15,0.658186},{41,15,-4.212560},{42,15,1.066298},{43,15,-0.623117},{4,16,-6.481140},{5,16,1.086449},{14,16,-7.817773},{15,16,-2.675661},{16,16,28.833864},{17,16,3.694507},{18,16,-9.001424},{19,16,-2.674788},{20,16,4.098190},{21,16,0.701996},{22,16,-1.485997},{23,16,1.903894},{24,16,-8.568721},{25,16,-1.665207},{40,16,0.433001},{41,16,-0.371190},{4,17,1.086449},{5,17,-2.075360},{14,17,-2.675661},{15,17,-5.260265},{16,17,3.694507},{17,17,22.756879},{18,17,-2.674788},{19,17,-8.068190},{20,17,0.701996},{21,17,-0.101910},{22,17,1.903894},{23,17,-0.211195},{24,17,-1.665207},{25,17,-3.787136},{40,17,-0.371190},{41,17,-3.242823},{16,18,-9.001424},{17,18,-2.674788},{18,18,32.915144},{19,18,3.525309},{20,18,-7.433894},{21,18,0.952056},{24,18,-7.314616},{25,18,1.228031},{528,18,-9.155210},{529,18,-3.030608},{16,19,-2.674788},{17,19,-8.068190},{18,19,3.525309},{19,19,24.916695},{20,19,0.952056},{21,19,-4.344165},{24,19,1.228031},{25,19,-4.060795},{528,19,-3.030608},{529,19,-8.433545},{0,20,-10.807452},{1,20,-0.155984},{4,20,-6.606801},{5,20,-2.645647},{16,20,4.098190},{17,20,0.701996},{18,20,-7.433894},{19,20,0.952056},{20,20,31.341897},{21,20,2.086419},{528,20,-9.322297},{529,20,-0.718707},{544,20,-2.617415},{545,20,-2.159410},{772,20,1.357771},{773,20,1.939277},{0,21,-0.155984},{1,21,-4.888781},{4,21,-2.645647},{5,21,-4.791523},{16,21,0.701996},{17,21,-0.101910},{18,21,0.952056},{19,21,-4.344165},{20,21,2.086419},{21,21,21.851049},{528,21,-0.718707},{529,21,-3.514826},{544,21,-2.159410},{545,21,-4.153735},{772,21,1.939277},{773,21,-0.046109},{16,22,-1.485997},{17,22,1.903894},{22,22,27.628798},{23,22,2.577640},{24,22,-2.541479},{25,22,-1.792750},{26,22,-3.488458},{27,22,2.017608},{28,22,-7.848240},{29,22,-1.201489},{32,22,0.829625},{33,22,-1.136940},{40,22,-13.084248},{41,22,-2.367962},{16,23,1.903894},{17,23,-0.211195},{22,23,2.577640},{23,23,22.195729},{24,23,-1.792750},{25,23,-5.909275},{26,23,2.017608},{27,23,-3.389766},{28,23,-1.201489},{29,23,-3.200578},{32,23,-1.136940},{33,23,-2.494099},{40,23,-2.367962},{41,23,-6.980817},{16,24,-8.568721},{17,24,-1.665207},{18,24,-7.314616},{19,24,1.228031},{22,24,-2.541479},{23,24,-1.792750},{24,24,29.317910},{25,24,3.098909},{28,24,-3.314954},{29,24,1.517517},{498,24,-10.666424},{499,24,-3.203715},{528,24,3.098285},{529,24,0.817215},{16,25,-1.665207},{17,25,-3.787136},{18,25,1.228031},{19,25,-4.060795},{22,25,-1.792750},{23,25,-5.909275},{24,25,3.098909},{25,25,22.951963},{28,25,1.517517},{29,25,-0.950589},{498,25,-3.203715},{499,25,-7.381689},{528,25,0.817215},{529,25,-0.852480},{22,26,-3.488458},{23,26,2.017608},{26,26,28.949517},{27,26,0.764190},{28,26,-4.750744},{29,26,-2.091531},{30,26,-11.753152},{31,26,1.382855},{32,26,-10.277091},{33,26,-2.267750},{34,26,1.329928},{35,26,0.194627},{22,27,2.017608},{23,27,-3.389766},{26,27,0.764190},{27,27,21.532931},{28,27,-2.091531},{29,27,-4.437672},{30,27,1.382855},{31,27,-5.337459},{32,27,-2.267750},{33,27,-5.693608},{34,27,0.194627},{35,27,-2.664426},{22,28,-7.848240},{23,28,-1.201489},{24,28,-3.314954},{25,28,1.517517},{26,28,-4.750744},{27,28,-2.091531},{28,28,26.146330},{29,28,3.076679},{30,28,-1.757641},{31,28,-1.079534},{62,28,1.709525},{63,28,1.097927},{64,28,-5.883471},{65,28,0.728117},{498,28,2.104919},{499,28,0.702251},{502,28,-6.395725},{503,28,-2.749936},{22,29,-1.201489},{23,29,-3.200578},{24,29,1.517517},{25,29,-0.950589},{26,29,-2.091531},{27,29,-4.437672},{28,29,3.076679},{29,29,21.548272},{30,29,-1.079534},{31,29,-3.679410},{62,29,1.097927},{63,29,-1.233712},{64,29,0.728117},{65,29,-1.319561},{498,29,0.702251},{499,29,-1.442972},{502,29,-2.749936},{503,29,-5.273779},{26,30,-11.753152},{27,30,1.382855},{28,30,-1.757641},{29,30,-1.079534},{30,30,33.330100},{31,30,2.119990},{34,30,-7.057253},{35,30,-2.674356},{60,30,0.802710},{61,30,1.116235},{62,30,-13.554763},{63,30,-0.865191},{26,31,1.382855},{27,31,-5.337459},{28,31,-1.079534},{29,31,-3.679410},{30,31,2.119990},{31,31,23.145083},{34,31,-2.674356},{35,31,-5.259757},{60,31,1.116235},{61,31,-2.571309},{62,31,-0.865191},{63,31,-6.287148},{22,32,0.829625},{23,32,-1.136940},{26,32,-10.277091},{27,32,-2.267750},{32,32,25.585476},{33,32,1.847978},{34,32,-3.808819},{35,32,1.347677},{36,32,-0.532745},{37,32,1.051499},{38,32,-1.594499},{39,32,-1.917332},{40,32,-1.808704},{41,32,2.009597},{42,32,-8.383244},{43,32,-0.934730},{22,33,-1.136940},{23,33,-2.494099},{26,33,-2.267750},{27,33,-5.693608},{32,33,1.847978},{33,33,20.373556},{34,33,1.347677},{35,33,-0.579998},{36,33,1.051499},{37,33,-2.668314},{38,33,-1.917332},{39,33,-3.923004},{40,33,2.009597},{41,33,-1.832944},{42,33,-0.934730},{43,33,-3.171588},{26,34,1.329928},{27,34,0.194627},{30,34,-7.057253},{31,34,-2.674356},{32,34,-3.808819},{33,34,1.347677},{34,34,26.806425},{35,34,2.989080},{36,34,-10.568777},{37,34,-2.926045},{56,34,1.300980},{57,34,-0.832798},{58,34,-0.850516},{59,34,1.574562},{60,34,-7.141968},{61,34,0.327253},{26,35,0.194627},{27,35,-2.664426},{30,35,-2.674356},{31,35,-5.259757},{32,35,1.347677},{33,35,-0.579998},{34,35,2.989080},{35,35,21.423585},{36,35,-2.926045},{37,35,-6.938323},{56,35,-0.832798},{57,35,-2.187696},{58,35,1.574562},{59,35,-1.637129},{60,35,0.327253},{61,35,-2.146256},{32,36,-0.532745},{33,36,1.051499},{34,36,-10.568777},{35,36,-2.926045},{36,36,28.911898},{37,36,2.591341},{38,36,-11.862810},{39,36,-1.464945},{54,36,-0.839461},{55,36,-1.140135},{56,36,-5.098105},{57,36,1.888285},{32,37,1.051499},{33,37,-2.668314},{34,37,-2.926045},{35,37,-6.938323},{36,37,2.591341},{37,37,22.273706},{38,37,-1.464945},{39,37,-5.753879},{54,37,-1.140135},{55,37,-4.618305},{56,37,1.888285},{57,37,-2.284885},{32,38,-1.594499},{33,38,-1.917332},{36,38,-11.862810},{37,38,-1.464945},{38,38,30.201058},{39,38,3.045125},{42,38,0.257706},{43,38,2.017624},{48,38,-12.589001},{49,38,-1.582780},{50,38,-3.238185},{51,38,-2.269080},{52,38,1.014875},{53,38,0.497837},{54,38,-2.179144},{55,38,1.673551},{32,39,-1.917332},{33,39,-3.923004},{36,39,-1.464945},{37,39,-5.753879},{38,39,3.045125},{39,39,22.175059},{42,39,2.017624},{43,39,0.061660},{48,39,-1.582780},{49,39,-6.326532},{50,39,-2.269080},{51,39,-3.744991},{52,39,0.497837},{53,39,-2.274245},{54,39,1.673551},{55,39,-0.204069},{14,40,-10.051870},{15,40,0.658186},{16,40,0.433001},{17,40,-0.371190},{22,40,-13.084248},{23,40,-2.367962},{32,40,-1.808704},{33,40,2.009597},{40,40,30.221818},{41,40,2.667016},{42,40,-5.699996},{43,40,-2.595648},{14,41,0.658186},{15,41,-4.212560},{16,41,-0.371190},{17,41,-3.242823},{22,41,-2.367962},{23,41,-6.980817},{32,41,2.009597},{33,41,-1.832944},{40,41,2.667016},{41,41,22.204802},{42,41,-2.595648},{43,41,-5.925657},{12,42,-9.241611},{13,42,0.518027},{14,42,2.852677},{15,42,1.066298},{32,42,-8.383244},{33,42,-0.934730},{38,42,0.257706},{39,42,2.017624},{40,42,-5.699996},{41,42,-2.595648},{42,42,27.565146},{43,42,2.012421},{46,42,-2.906118},{47,42,-2.347432},{48,42,-4.434560},{49,42,0.263439},{12,43,0.518027},{13,43,-3.482142},{14,43,1.066298},{15,43,-0.623117},{32,43,-0.934730},{33,43,-3.171588},{38,43,2.017624},{39,43,0.061660},{40,43,-2.595648},{41,43,-5.925657},{42,43,2.012421},{43,43,21.914593},{46,43,-2.347432},{47,43,-2.931117},{48,43,0.263439},{49,43,-5.832633},{10,44,1.044786},{11,44,0.488822},{12,44,-12.488859},{13,44,-3.582367},{44,44,29.703170},{45,44,4.179579},{46,44,-2.740048},{47,44,1.533009},{110,44,-6.452578},{111,44,-2.800099},{112,44,-9.056471},{113,44,0.181056},{10,45,0.488822},{11,45,-2.856355},{12,45,-3.582367},{13,45,-8.731639},{44,45,4.179579},{45,45,23.980493},{46,45,1.533009},{47,45,-1.422484},{110,45,-2.800099},{111,45,-7.568136},{112,45,0.181056},{113,45,-3.391878},{12,46,2.673512},{13,46,0.471794},{42,46,-2.906118},{43,46,-2.347432},{44,46,-2.740048},{45,46,1.533009},{46,46,33.290155},{47,46,3.678688},{48,46,-10.172307},{49,46,-1.035625},{50,46,-5.599374},{51,46,-0.041094},{66,46,-4.614198},{67,46,1.092089},{110,46,-5.788999},{111,46,-0.944246},{120,46,-10.231631},{121,46,-3.072928},{122,46,6.099008},{123,46,0.665745},{12,47,0.471794},{13,47,-1.020709},{42,47,-2.347432},{43,47,-2.931117},{44,47,1.533009},{45,47,-1.422484},{46,47,3.678688},{47,47,24.354961},{48,47,-1.035625},{49,47,-6.180158},{50,47,-0.041094},{51,47,-1.559670},{66,47,1.092089},{67,47,-2.105299},{110,47,-0.944246},{111,47,-1.495518},{120,47,-3.072928},{121,47,-9.170312},{122,47,0.665745},{123,47,1.540305},{38,48,-12.589001},{39,48,-1.582780},{42,48,-4.434560},{43,48,0.263439},{46,48,-10.172307},{47,48,-1.035625},{48,48,29.224698},{49,48,1.544590},{50,48,-2.018830},{51,48,0.810376},{38,49,-1.582780},{39,49,-6.326532},{42,49,0.263439},{43,49,-5.832633},{46,49,-1.035625},{47,49,-6.180158},{48,49,1.544590},{49,49,24.035639},{50,49,0.810376},{51,49,-5.686316},{38,50,-3.238185},{39,50,-2.269080},{46,50,-5.599374},{47,50,-0.041094},{48,50,-2.018830},{49,50,0.810376},{50,50,28.210561},{51,50,3.463582},{52,50,-12.138057},{53,50,-0.722020},{66,50,-6.900978},{67,50,-3.201503},{68,50,1.694862},{69,50,1.959740},{38,51,-2.269080},{39,51,-3.744991},{46,51,-0.041094},{47,51,-1.559670},{48,51,0.810376},{49,51,-5.686316},{50,51,3.463582},{51,51,24.449696},{52,51,-0.722020},{53,51,-5.493937},{66,51,-3.201503},{67,51,-8.477653},{68,51,1.959740},{69,51,0.522871},{38,52,1.014875},{39,52,0.497837},{50,52,-12.138057},{51,52,-0.722020},{52,52,31.674305},{53,52,3.775547},{54,52,-13.644234},{55,52,-3.267435},{68,52,-3.531316},{69,52,-2.149483},{70,52,-3.365574},{71,52,1.865554},{38,53,0.497837},{39,53,-2.274245},{50,53,-0.722020},{51,53,-5.493937},{52,53,3.775547},{53,53,23.472879},{54,53,-3.267435},{55,53,-8.471259},{68,53,-2.149483},{69,53,-5.800506},{70,53,1.865554},{71,53,-1.422932},{36,54,-0.839461},{37,54,-1.140135},{38,54,-2.179144},{39,54,1.673551},{52,54,-13.644234},{53,54,-3.267435},{54,54,30.000017},{55,54,4.021512},{56,54,-10.578620},{57,54,-2.428635},{70,54,1.303291},{71,54,-0.599405},{72,54,-4.051849},{73,54,1.740547},{36,55,-1.140135},{37,55,-4.618305},{38,55,1.673551},{39,55,-0.204069},{52,55,-3.267435},{53,55,-8.471259},{54,55,4.021512},{55,55,23.066394},{56,55,-2.428635},{57,55,-5.847491},{70,55,-0.599405},{71,55,-2.534336},{72,55,1.740547},{73,55,-1.380934},{34,56,1.300980},{35,56,-0.832798},{36,56,-5.098105},{37,56,1.888285},{54,56,-10.578620},{55,56,-2.428635},{56,56,31.055889},{57,56,2.694627},{58,56,-13.982521},{59,56,-2.481722},{72,56,1.031435},{73,56,-0.601535},{74,56,-3.719058},{75,56,1.761779},{34,57,-0.832798},{35,57,-2.187696},{36,57,1.888285},{37,57,-2.284885},{54,57,-2.428635},{55,57,-5.847491},{56,57,2.694627},{57,57,21.902602},{58,57,-2.481722},{59,57,-7.543145},{72,57,-0.601535},{73,57,-2.834059},{74,57,1.761779},{75,57,-1.195327},{34,58,-0.850516},{35,58,1.574562},{56,58,-13.982521},{57,58,-2.481722},{58,58,30.951775},{59,58,3.338575},{60,58,-8.803854},{61,58,-3.132585},{74,58,0.489940},{75,58,-0.522559},{76,58,-7.794825},{77,58,1.223729},{34,59,1.574562},{35,59,-1.637129},{56,59,-2.481722},{57,59,-7.543145},{58,59,3.338575},{59,59,22.977221},{60,59,-3.132585},{61,59,-7.321101},{74,59,-0.522559},{75,59,-3.385363},{76,59,1.223729},{77,59,-3.080484},{30,60,0.802710},{31,60,1.116235},{34,60,-7.141968},{35,60,0.327253},{58,60,-8.803854},{59,60,-3.132585},{60,60,27.068341},{61,60,2.712136},{62,60,-7.132094},{63,60,-2.647210},{76,60,2.164810},{77,60,0.328941},{78,60,-6.947945},{79,60,1.295230},{30,61,1.116235},{31,61,-2.571309},{34,61,0.327253},{35,61,-2.146256},{58,61,-3.132585},{59,61,-7.321101},{60,61,2.712136},{61,61,21.598380},{62,61,-2.647210},{63,61,-5.239537},{76,61,0.328941},{77,61,-1.794003},{78,61,1.295230},{79,61,-2.516174},{28,62,1.709525},{29,62,1.097927},{30,62,-13.554763},{31,62,-0.865191},{60,62,-7.132094},{61,62,-2.647210},{62,62,30.960047},{63,62,3.313646},{64,62,-8.843475},{65,62,-2.675161},{78,62,1.207973},{79,62,-0.192120},{80,62,-4.337213},{81,62,1.968110},{28,63,1.097927},{29,63,-1.233712},{30,63,-0.865191},{31,63,-6.287148},{60,63,-2.647210},{61,63,-5.239537},{62,63,3.313646},{63,63,23.476944},{64,63,-2.675161},{65,63,-6.150810},{78,63,-0.192120},{79,63,-2.652033},{80,63,1.968110},{81,63,-1.903705},{28,64,-5.883471},{29,64,0.728117},{62,64,-8.843475},{63,64,-2.675161},{64,64,28.186720},{65,64,4.595805},{80,64,-1.202711},{81,64,-1.407718},{82,64,-1.241342},{83,64,0.284630},{404,64,-9.616124},{405,64,-3.473239},{492,64,-3.920521},{493,64,0.846254},{502,64,2.530924},{503,64,1.101312},{28,65,0.728117},{29,65,-1.319561},{62,65,-2.675161},{63,65,-6.150810},{64,65,4.595805},{65,65,24.439845},{80,65,-1.407718},{81,65,-3.710320},{82,65,0.284630},{83,65,-4.318596},{404,65,-3.473239},{405,65,-8.011548},{492,65,0.846254},{493,65,-0.064136},{502,65,1.101312},{503,65,-0.854875},{46,66,-4.614198},{47,66,1.092089},{50,66,-6.900978},{51,66,-3.201503},{66,66,36.122848},{67,66,5.278782},{68,66,-13.518401},{69,66,-1.821546},{84,66,0.373644},{85,66,1.920764},{122,66,-11.452915},{123,66,-3.268586},{46,67,1.092089},{47,67,-2.105299},{50,67,-3.201503},{51,67,-8.477653},{66,67,5.278782},{67,67,26.649975},{68,67,-1.821546},{69,67,-6.605113},{84,67,1.920764},{85,67,-0.766877},{122,67,-3.268586},{123,67,-8.685033},{50,68,1.694862},{51,68,1.959740},{52,68,-3.531316},{53,68,-2.149483},{66,68,-13.518401},{67,68,-1.821546},{68,68,31.332872},{69,68,4.204497},{70,68,-12.001021},{71,68,-2.349479},{84,68,-1.827692},{85,68,-1.764161},{86,68,-2.139304},{87,68,1.920433},{50,69,1.959740},{51,69,0.522871},{52,69,-2.149483},{53,69,-5.800506},{66,69,-1.821546},{67,69,-6.605113},{68,69,4.204497},{69,69,23.357656},{70,69,-2.349479},{71,69,-6.372866},{84,69,-1.764161},{85,69,-4.441952},{86,69,1.920433},{87,69,-0.650090},{52,70,-3.365574},{53,70,1.865554},{54,70,1.303291},{55,70,-0.599405},{68,70,-12.001021},{69,70,-2.349479},{70,70,29.987881},{71,70,3.005910},{72,70,-11.512272},{73,70,-2.753188},{86,70,0.744524},{87,70,-0.782299},{88,70,-5.146828},{89,70,1.612907},{52,71,1.865554},{53,71,-1.422932},{54,71,-0.599405},{55,71,-2.534336},{68,71,-2.349479},{69,71,-6.372866},{70,71,3.005910},{71,71,21.808743},{72,71,-2.753188},{73,71,-6.746723},{86,71,-0.782299},{87,71,-2.903555},{88,71,1.612907},{89,71,-1.818330},{54,72,-4.051849},{55,72,1.740547},{56,72,1.031435},{57,72,-0.601535},{70,72,-11.512272},{71,72,-2.753188},{72,72,29.509703},{73,72,3.045602},{74,72,-11.071740},{75,72,-2.673583},{88,72,1.643878},{89,72,-0.291984},{90,72,-5.539156},{91,72,1.534142},{54,73,1.740547},{55,73,-1.380934},{56,73,-0.601535},{57,73,-2.834059},{70,73,-2.753188},{71,73,-6.746723},{72,73,3.045602},{73,73,21.682866},{74,73,-2.673583},{75,73,-6.446801},{88,73,-0.291984},{89,73,-2.306120},{90,73,1.534142},{91,73,-1.958229},{56,74,-3.719058},{57,74,1.761779},{58,74,0.489940},{59,74,-0.522559},{72,74,-11.071740},{73,74,-2.673583},{74,74,28.097843},{75,74,2.696457},{76,74,-9.392688},{77,74,-2.584452},{90,74,1.633922},{91,74,-0.203716},{92,74,-6.028220},{93,74,1.526075},{56,75,1.761779},{57,75,-1.195327},{58,75,-0.522559},{59,75,-3.385363},{72,75,-2.673583},{73,75,-6.446801},{74,75,2.696457},{75,75,21.243917},{76,75,-2.584452},{77,75,-5.609098},{90,75,-0.203716},{91,75,-2.347361},{92,75,1.526075},{93,75,-2.249968},{58,76,-7.794825},{59,76,1.223729},{60,76,2.164810},{61,76,0.328941},{74,76,-9.392688},{75,76,-2.584452},{76,76,28.641613},{77,76,2.220313},{78,76,-9.638135},{79,76,-2.624571},{92,76,1.494145},{93,76,-0.275115},{94,76,-5.464920},{95,76,1.711154},{58,77,1.223729},{59,77,-3.080484},{60,77,0.328941},{61,77,-1.794003},{74,77,-2.584452},{75,77,-5.609098},{76,77,2.220313},{77,77,20.991680},{78,77,-2.624571},{79,77,-5.850007},{92,77,-0.275115},{93,77,-2.476997},{94,77,1.711154},{95,77,-2.171091},{60,78,-6.947945},{61,78,1.295230},{62,78,1.207973},{63,78,-0.192120},{76,78,-9.638135},{77,78,-2.624571},{78,78,28.179876},{79,78,2.513787},{80,78,-10.480207},{81,78,-2.245409},{94,78,0.564600},{95,78,-0.780354},{96,78,-2.876163},{97,78,2.033438},{60,79,1.295230},{61,79,-2.516174},{62,79,-0.192120},{63,79,-2.652033},{76,79,-2.624571},{77,79,-5.850007},{78,79,2.513787},{79,79,21.277189},{80,79,-2.245409},{81,79,-5.621045},{94,79,-0.780354},{95,79,-3.123646},{96,79,2.033438},{97,79,-1.504284},{62,80,-4.337213},{63,80,1.968110},{64,80,-1.202711},{65,80,-1.407718},{78,80,-10.480207},{79,80,-2.245409},{80,80,29.063621},{81,80,2.445594},{82,80,-11.908972},{83,80,-0.968403},{96,80,-1.459608},{97,80,-1.648666},{98,80,0.335090},{99,80,1.856492},{62,81,1.968110},{63,81,-1.903705},{64,81,-1.407718},{65,81,-3.710320},{78,81,-2.245409},{79,81,-5.621045},{80,81,2.445594},{81,81,21.598039},{82,81,-0.968403},{83,81,-5.160141},{96,81,-1.648666},{97,81,-4.146657},{98,81,1.856492},{99,81,-1.046172},{64,82,-1.241342},{65,82,0.284630},{80,82,-11.908972},{81,82,-0.968403},{82,82,28.122842},{83,82,3.219778},{98,82,-4.986449},{99,82,-2.651676},{100,82,-1.152255},{101,82,1.944472},{492,82,-8.823823},{493,82,-1.828802},{64,83,0.284630},{65,83,-4.318596},{80,83,-0.968403},{81,83,-5.160141},{82,83,3.219778},{83,83,24.467751},{98,83,-2.651676},{99,83,-5.984953},{100,83,1.944472},{101,83,-3.405802},{492,83,-1.828802},{493,83,-5.588260},{66,84,0.373644},{67,84,1.920764},{68,84,-1.827692},{69,84,-1.764161},{84,84,29.903046},{85,84,4.383333},{86,84,-13.761943},{87,84,-2.771250},{122,84,-10.334320},{123,84,-1.643979},{124,84,-2.810404},{125,84,-1.940684},{2388,84,-1.532330},{2389,84,1.815978},{66,85,1.920764},{67,85,-0.766877},{68,85,-1.764161},{69,85,-4.441952},{84,85,4.383333},{85,85,23.747105},{86,85,-2.771250},{87,85,-7.719405},{122,85,-1.643979},{123,85,-5.029709},{124,85,-1.940684},{125,85,-5.958178},{2388,85,1.815978},{2389,85,0.179015},{68,86,-2.139304},{69,86,1.920433},{70,86,0.744524},{71,86,-0.782299},{84,86,-13.761943},{85,86,-2.771250},{86,86,32.523950},{87,86,3.690683},{88,86,-11.169733},{89,86,-2.902530},{2386,86,-8.039588},{2387,86,1.112660},{2388,86,1.852095},{2389,86,-0.267696},{68,87,1.920433},{69,87,-0.650090},{70,87,-0.782299},{71,87,-2.903555},{84,87,-2.771250},{85,87,-7.719405},{86,87,3.690683},{87,87,23.060922},{88,87,-2.902530},{89,87,-6.903842},{2386,87,1.112660},{2387,87,-3.033392},{2388,87,-0.267696},{2389,87,-1.840639},{70,88,-5.146828},{71,88,1.612907},{72,88,1.643878},{73,88,-0.291984},{86,88,-11.169733},{87,88,-2.902530},{88,88,30.555314},{89,88,2.968879},{90,88,-10.265507},{91,88,-2.786899},{2386,88,2.634314},{2387,88,0.331962},{2390,88,-8.241439},{2391,88,1.067664},{70,89,1.612907},{71,89,-1.818330},{72,89,-0.291984},{73,89,-2.306120},{86,89,-2.902530},{87,89,-6.903842},{88,89,2.968879},{89,89,21.874158},{90,89,-2.786899},{91,89,-6.333397},{2386,89,0.331962},{2387,89,-1.311583},{2390,89,1.067664},{2391,89,-3.190885},{72,90,-5.539156},{73,90,1.534142},{74,90,1.633922},{75,90,-0.203716},{88,90,-10.265507},{89,90,-2.786899},{90,90,28.912924},{91,90,2.863030},{92,90,-10.435387},{93,90,-2.841469},{2390,90,1.829562},{2391,90,0.077415},{2392,90,-6.126359},{2393,90,1.357497},{72,91,1.534142},{73,91,-1.958229},{74,91,-0.203716},{75,91,-2.347361},{88,91,-2.786899},{89,91,-6.333397},{90,91,2.863030},{91,91,21.424088},{92,91,-2.841469},{93,91,-6.499847},{2390,91,0.077415},{2391,91,-2.169489},{2392,91,1.357497},{2393,91,-2.105765},{74,92,-6.028220},{75,92,1.526075},{76,92,1.494145},{77,92,-0.275115},{90,92,-10.435387},{91,92,-2.841469},{92,92,29.941624},{93,92,2.259041},{94,92,-9.531860},{95,92,-2.415794},{2392,92,2.876650},{2393,92,0.369074},{2394,92,-8.306952},{2395,92,1.378187},{74,93,1.526075},{75,93,-2.249968},{76,93,-0.275115},{77,93,-2.476997},{90,93,-2.841469},{91,93,-6.499847},{92,93,2.259041},{93,93,21.323782},{94,93,-2.415794},{95,93,-5.348944},{2392,93,0.369074},{2393,93,-1.105782},{2394,93,1.378187},{2395,93,-3.632243},{76,94,-5.464920},{77,94,1.711154},{78,94,0.564600},{79,94,-0.780354},{92,94,-9.531860},{93,94,-2.415794},{94,94,27.514036},{95,94,2.277651},{96,94,-10.955268},{97,94,-1.886088},{2394,94,-0.190028},{2395,94,-0.969963},{2396,94,-1.926560},{2397,94,2.063394},{76,95,1.711154},{77,95,-2.171091},{78,95,-0.780354},{79,95,-3.123646},{92,95,-2.415794},{93,95,-5.348944},{94,95,2.277651},{95,95,20.941171},{96,95,-1.886088},{97,95,-5.390570},{2394,95,-0.969963},{2395,95,-3.656485},{2396,95,2.063394},{2397,95,-1.240434},{78,96,-2.876163},{79,96,2.033438},{80,96,-1.459608},{81,96,-1.648666},{94,96,-10.955268},{95,96,-1.886088},{96,96,27.462692},{97,96,2.197401},{98,96,-10.431252},{99,96,-0.898513},{2396,96,-1.326018},{2397,96,-1.716667},{2398,96,-0.404383},{2399,96,1.919094},{78,97,2.033438},{79,97,-1.504284},{80,97,-1.648666},{81,97,-4.146657},{94,97,-1.886088},{95,97,-5.390570},{96,97,2.197401},{97,97,20.919641},{98,97,-0.898513},{99,97,-4.357322},{2396,97,-1.716667},{2397,97,-3.894023},{2398,97,1.919094},{2399,97,-1.616786},{80,98,0.335090},{81,98,1.856492},{82,98,-4.986449},{83,98,-2.651676},{96,98,-10.431252},{97,98,-0.898513},{98,98,26.420681},{99,98,2.659977},{100,98,-7.572924},{101,98,0.320616},{2398,98,-4.737735},{2399,98,-2.489088},{2400,98,0.982589},{2401,98,1.202193},{80,99,1.856492},{81,99,-1.046172},{82,99,-2.651676},{83,99,-5.984953},{96,99,-0.898513},{97,99,-4.357322},{98,99,2.659977},{99,99,21.362933},{100,99,0.320616},{101,99,-2.524714},{2398,99,-2.489088},{2399,99,-5.074617},{2400,99,1.202193},{2401,99,-2.365156},{82,100,-1.152255},{83,100,1.944472},{98,100,-7.572924},{99,100,0.320616},{100,100,41.589549},{101,100,-2.447488},{476,100,-12.935252},{477,100,1.593016},{492,100,3.749452},{493,100,-2.327525},{2400,100,-8.325262},{2401,100,-2.276316},{2772,100,-12.620941},{2773,100,1.848598},{6062,100,-13.118332},{6063,100,1.785692},{6108,100,10.395965},{6109,100,-0.441063},{82,101,1.944472},{83,101,-3.405802},{98,101,0.320616},{99,101,-2.524714},{100,101,-2.447488},{101,101,27.299435},{476,101,1.593016},{477,101,-7.021909},{492,101,-2.327525},{493,101,1.479363},{2400,101,-2.276316},{2401,101,-5.208652},{2772,101,1.848598},{2773,101,-7.105556},{6062,101,1.785692},{6063,101,-7.263875},{6108,101,-0.441063},{6109,101,3.761709},{102,102,26.560931},{103,102,4.101543},{104,102,-1.475694},{105,102,1.894047},{106,102,-10.058736},{107,102,-2.738956},{108,102,-0.488865},{109,102,-0.535007},{110,102,-3.821519},{111,102,1.254879},{112,102,-10.087088},{113,102,-3.203492},{114,102,-0.619029},{115,102,-0.773015},{102,103,4.101543},{103,103,23.194920},{104,103,1.894047},{105,103,-0.062553},{106,103,-2.738956},{107,103,-6.162506},{108,103,-0.535007},{109,103,-4.585485},{110,103,1.254879},{111,103,-0.383036},{112,103,-3.203492},{113,103,-7.323312},{114,103,-0.773015},{115,103,-4.668027},{102,104,-1.475694},{103,104,1.894047},{104,104,25.134305},{105,104,3.469721},{106,104,-1.957881},{107,104,-1.344803},{114,104,-9.706752},{115,104,-2.349095},{726,104,-8.987817},{727,104,-2.089884},{740,104,-2.156058},{741,104,-1.589880},{744,104,-0.840103},{745,104,2.009894},{102,105,1.894047},{103,105,-0.062553},{104,105,3.469721},{105,105,22.294135},{106,105,-1.344803},{107,105,-5.898302},{114,105,-2.349095},{115,105,-5.389605},{726,105,-2.089884},{727,105,-4.630080},{740,105,-1.589880},{741,105,-5.747831},{744,105,2.009894},{745,105,-0.555765},{102,106,-10.058736},{103,106,-2.738956},{104,106,-1.957881},{105,106,-1.344803},{106,106,24.542986},{107,106,3.878904},{108,106,0.099732},{109,106,1.909370},{708,106,-6.777955},{709,106,-2.048680},{712,106,-4.391530},{713,106,-1.683111},{726,106,-1.446615},{727,106,2.027276},{102,107,-2.738956},{103,107,-6.162506},{104,107,-1.344803},{105,107,-5.898302},{106,107,3.878904},{107,107,24.525926},{108,107,1.909370},{109,107,1.240469},{708,107,-2.048680},{709,107,-3.700052},{712,107,-1.683111},{713,107,-9.166493},{726,107,2.027276},{727,107,-0.829042},{102,108,-0.488865},{103,108,-0.535007},{106,108,0.099732},{107,108,1.909370},{108,108,26.056763},{109,108,4.434711},{110,108,-8.530497},{111,108,-3.004234},{130,108,-4.424255},{131,108,0.761649},{712,108,-9.033918},{713,108,-1.956668},{714,108,-5.669822},{715,108,-2.758376},{716,108,2.000863},{717,108,1.148554},{102,109,-0.535007},{103,109,-4.585485},{106,109,1.909370},{107,109,1.240469},{108,109,4.434711},{109,109,23.257769},{110,109,-3.004234},{111,109,-6.412690},{130,109,0.761649},{131,109,-0.475889},{712,109,-1.956668},{713,109,-4.653585},{714,109,-2.758376},{715,109,-7.254058},{716,109,1.148554},{717,109,-1.106530},{44,110,-6.452578},{45,110,-2.800099},{46,110,-5.788999},{47,110,-0.944246},{102,110,-3.821519},{103,110,1.254879},{108,110,-8.530497},{109,110,-3.004234},{110,110,26.125178},{111,110,3.317108},{112,110,1.748722},{113,110,0.708104},{120,110,-6.082887},{121,110,0.921313},{130,110,2.812580},{131,110,0.547174},{44,111,-2.800099},{45,111,-7.568136},{46,111,-0.944246},{47,111,-1.495518},{102,111,1.254879},{103,111,-0.383036},{108,111,-3.004234},{109,111,-6.412690},{110,111,3.317108},{111,111,22.783327},{112,111,0.708104},{113,111,-1.824785},{120,111,0.921313},{121,111,-3.704231},{130,111,0.547174},{131,111,-1.384931},{10,112,-7.138770},{11,112,-2.823607},{44,112,-9.056471},{45,112,0.181056},{102,112,-10.087088},{103,112,-3.203492},{110,112,1.748722},{111,112,0.708104},{112,112,27.645545},{113,112,3.635401},{114,112,-2.828732},{115,112,1.664679},{116,112,-0.273207},{117,112,-0.162141},{10,113,-2.823607},{11,113,-5.636709},{44,113,0.181056},{45,113,-3.391878},{102,113,-3.203492},{103,113,-7.323312},{110,113,0.708104},{111,113,-1.824785},{112,113,3.635401},{113,113,22.741344},{114,113,1.664679},{115,113,-0.282521},{116,113,-0.162141},{117,113,-4.272139},{102,114,-0.619029},{103,114,-0.773015},{104,114,-9.706752},{105,114,-2.349095},{112,114,-2.828732},{113,114,1.664679},{114,114,26.780973},{115,114,3.558586},{116,114,-10.801479},{117,114,-2.475933},{118,114,-1.750821},{119,114,-1.632256},{740,114,-1.064159},{741,114,2.007034},{102,115,-0.773015},{103,115,-4.668027},{104,115,-2.349095},{105,115,-5.389605},{112,115,1.664679},{113,115,-0.282521},{114,115,3.558586},{115,115,22.379013},{116,115,-2.475933},{117,115,-6.256553},{118,115,-1.632256},{119,115,-5.083664},{740,115,2.007034},{741,115,-0.688641},{6,116,-6.349241},{7,116,-2.838000},{10,116,-8.265929},{11,116,0.558331},{112,116,-0.273207},{113,116,-0.162141},{114,116,-10.801479},{115,116,-2.475933},{116,116,27.024667},{117,116,3.025632},{118,116,-1.324811},{119,116,1.892110},{6,117,-2.838000},{7,117,-6.927816},{10,117,0.558331},{11,117,-2.987659},{112,117,-0.162141},{113,117,-4.272139},{114,117,-2.475933},{115,117,-6.256553},{116,117,3.025632},{117,117,22.349495},{118,117,1.892110},{119,117,-1.895327},{6,118,-7.967871},{7,118,-0.660503},{114,118,-1.750821},{115,118,-1.632256},{116,118,-1.324811},{117,118,1.892110},{118,118,24.350185},{119,118,2.320475},{736,118,-3.813453},{737,118,-2.337349},{738,118,-0.533263},{739,118,1.968059},{740,118,-8.949966},{741,118,-1.550537},{6,119,-0.660503},{7,119,-2.734575},{114,119,-1.632256},{115,119,-5.083664},{116,119,1.892110},{117,119,-1.895327},{118,119,2.320475},{119,119,21.046376},{736,119,-2.337349},{737,119,-5.915113},{738,119,1.968059},{739,119,-1.418142},{740,119,-1.550537},{741,119,-3.989554},{46,120,-10.231631},{47,120,-3.072928},{110,120,-6.082887},{111,120,0.921313},{120,120,32.826613},{121,120,4.483821},{122,120,-5.861424},{123,120,1.134529},{130,120,-10.640671},{131,120,-3.466735},{46,121,-3.072928},{47,121,-9.170312},{110,121,0.921313},{111,121,-3.704231},{120,121,4.483821},{121,121,26.006225},{122,121,1.134529},{123,121,-3.412448},{130,121,-3.466735},{131,121,-9.709234},{46,122,6.099008},{47,122,0.665745},{66,122,-11.452915},{67,122,-3.268586},{84,122,-10.334320},{85,122,-1.643979},{120,122,-5.861424},{121,122,1.134529},{122,122,34.503639},{123,122,5.086140},{124,122,-2.213688},{125,122,1.416338},{126,122,-8.084330},{127,122,-3.090859},{128,122,4.273850},{129,122,0.765971},{130,122,-6.919820},{131,122,-1.065298},{46,123,0.665745},{47,123,1.540305},{66,123,-3.268586},{67,123,-8.685033},{84,123,-1.643979},{85,123,-5.029709},{120,123,1.134529},{121,123,-3.412448},{122,123,5.086140},{123,123,25.618413},{124,123,1.416338},{125,123,0.054730},{126,123,-3.090859},{127,123,-8.234325},{128,123,0.765971},{129,123,0.492302},{130,123,-1.065298},{131,123,-2.334237},{84,124,-2.810404},{85,124,-1.940684},{122,124,-2.213688},{123,124,1.416338},{124,124,38.973437},{125,124,6.147869},{128,124,-17.543906},{129,124,-4.640152},{2388,124,-11.695239},{2389,124,-2.318097},{2424,124,-10.545349},{2425,124,0.421596},{2426,124,5.845149},{2427,124,0.913130},{84,125,-1.940684},{85,125,-5.958178},{122,125,1.416338},{123,125,0.054730},{124,125,6.147869},{125,125,28.190837},{128,125,-4.640152},{129,125,-12.212283},{2388,125,-2.318097},{2389,125,-6.177209},{2424,125,0.421596},{2425,125,-5.288771},{2426,125,0.913130},{2427,125,1.400874},{122,126,-8.084330},{123,126,-3.090859},{126,126,35.210847},{127,126,5.671422},{128,126,-11.375518},{129,126,-0.190647},{130,126,-2.169970},{131,126,1.486770},{668,126,-15.842343},{669,126,-4.321627},{670,126,2.271314},{671,126,0.444942},{122,127,-3.090859},{123,127,-8.234325},{126,127,5.671422},{127,127,26.594786},{128,127,-0.190647},{129,127,-4.681391},{130,127,1.486770},{131,127,-0.855375},{668,127,-4.321627},{669,127,-11.201588},{670,127,0.444942},{671,127,-1.612107},{122,128,4.273850},{123,128,0.765971},{124,128,-17.543906},{125,128,-4.640152},{126,128,-11.375518},{127,128,-0.190647},{128,128,40.317256},{129,128,6.781611},{670,128,-12.680503},{671,128,-3.935229},{2426,128,-6.443351},{2427,128,0.714364},{2944,128,3.462171},{2945,128,0.504082},{122,129,0.765971},{123,129,0.492302},{124,129,-4.640152},{125,129,-12.212283},{126,129,-0.190647},{127,129,-4.681391},{128,129,6.781611},{129,129,28.372312},{670,129,-3.935229},{671,129,-9.633365},{2426,129,0.714364},{2427,129,-1.807868},{2944,129,0.504082},{2945,129,-0.519707},{108,130,-4.424255},{109,130,0.761649},{110,130,2.812580},{111,130,0.547174},{120,130,-10.640671},{121,130,-3.466735},{122,130,-6.919820},{123,130,-1.065298},{126,130,-2.169970},{127,130,1.486770},{130,130,29.498664},{131,130,5.262824},{668,130,2.138836},{669,130,0.151469},{716,130,-10.285364},{717,130,-3.677852},{108,131,0.761649},{109,131,-0.475889},{110,131,0.547174},{111,131,-1.384931},{120,131,-3.466735},{121,131,-9.709234},{122,131,-1.065298},{123,131,-2.334237},{126,131,1.486770},{127,131,-0.855375},{130,131,5.262824},{131,131,25.356236},{668,131,0.151469},{669,131,-1.762426},{716,131,-3.677852},{717,131,-8.824144},{132,132,23.276504},{133,132,-0.296767},{134,132,-1.871009},{135,132,-0.177106},{136,132,-5.050792},{137,132,2.177343},{140,132,-6.343478},{141,132,0.890143},{142,132,-4.029918},{143,132,-2.290277},{144,132,-4.399913},{145,132,-1.815160},{146,132,-1.571395},{147,132,1.511824},{132,133,-0.296767},{133,133,21.595867},{134,133,-0.177106},{135,133,-5.703076},{136,133,2.177343},{137,133,-2.397086},{140,133,0.890143},{141,133,-1.896123},{142,133,-2.290277},{143,133,-3.104367},{144,133,-1.815160},{145,133,-3.236184},{146,133,1.511824},{147,133,-5.249031},{132,134,-1.871009},{133,134,-0.177106},{134,134,30.470020},{135,134,2.641793},{136,134,-12.427150},{137,134,-1.065378},{138,134,-4.312149},{139,134,-0.382521},{142,134,-11.849712},{143,134,-1.016788},{132,135,-0.177106},{133,135,-5.703076},{134,135,2.641793},{135,135,24.259115},{136,135,-1.065378},{137,135,-6.363208},{138,135,-0.382521},{139,135,-5.855734},{142,135,-1.016788},{143,135,-6.327098},{132,136,-5.050792},{133,136,2.177343},{134,136,-12.427150},{135,136,-1.065378},{136,136,32.741016},{137,136,1.191077},{138,136,-0.850749},{139,136,-1.812110},{144,136,-0.465878},{145,136,-1.136661},{1148,136,-0.584530},{1149,136,2.045582},{1152,136,-13.351917},{1153,136,-1.399854},{132,137,2.177343},{133,137,-2.397086},{134,137,-1.065378},{135,137,-6.363208},{136,137,1.191077},{137,137,22.482974},{138,137,-1.812110},{139,137,-3.007939},{144,137,-1.136661},{145,137,-2.859753},{1148,137,2.045582},{1149,137,-1.609664},{1152,137,-1.399854},{1153,137,-6.235324},{134,138,-4.312149},{135,138,-0.382521},{136,138,-0.850749},{137,138,-1.812110},{138,138,25.103843},{139,138,2.712984},{142,138,2.386410},{143,138,1.993846},{172,138,-6.985014},{173,138,0.169883},{1148,138,-8.549248},{1149,138,-1.657467},{1150,138,-0.860131},{1151,138,1.932743},{4548,138,-0.138660},{4549,138,-0.659424},{4552,138,-5.784302},{4553,138,-2.297933},{134,139,-0.382521},{135,139,-5.855734},{136,139,-1.812110},{137,139,-3.007939},{138,139,2.712984},{139,139,21.783943},{142,139,1.993846},{143,139,1.257924},{172,139,0.169883},{173,139,-2.616591},{1148,139,-1.657467},{1149,139,-3.987976},{1150,139,1.932743},{1151,139,0.211066},{4548,139,-0.659424},{4549,139,-4.048130},{4552,139,-2.297933},{4553,139,-3.726564},{132,140,-6.343478},{133,140,0.890143},{140,140,28.076977},{141,140,4.024433},{142,140,-0.567657},{143,140,-0.205588},{146,140,-8.332013},{147,140,-3.472799},{166,140,-0.579430},{167,140,1.472418},{168,140,-12.244399},{169,140,-2.708607},{132,141,0.890143},{133,141,-1.896123},{140,141,4.024433},{141,141,23.936407},{142,141,-0.205588},{143,141,-4.455635},{146,141,-3.472799},{147,141,-8.828189},{166,141,1.472418},{167,141,-1.688235},{168,141,-2.708607},{169,141,-7.058225},{132,142,-4.029918},{133,142,-2.290277},{134,142,-11.849712},{135,142,-1.016788},{138,142,2.386410},{139,142,1.993846},{140,142,-0.567657},{141,142,-0.205588},{142,142,26.723048},{143,142,3.349008},{168,142,-1.446268},{169,142,1.941313},{170,142,-6.395147},{171,142,-1.393319},{172,142,-4.810754},{173,142,-2.378195},{132,143,-2.290277},{133,143,-3.104367},{134,143,-1.016788},{135,143,-6.327098},{138,143,1.993846},{139,143,1.257924},{140,143,-0.205588},{141,143,-4.455635},{142,143,3.349008},{143,143,23.388310},{168,143,1.941313},{169,143,-0.662545},{170,143,-1.393319},{171,143,-2.312926},{172,143,-2.378195},{173,143,-7.773663},{132,144,-4.399913},{133,144,-1.815160},{136,144,-0.465878},{137,144,-1.136661},{144,144,30.480211},{145,144,4.635779},{146,144,-5.647632},{147,144,-0.946620},{148,144,-3.201038},{149,144,0.454299},{150,144,3.223843},{151,144,1.087584},{152,144,-3.543174},{153,144,0.808384},{956,144,-3.195332},{957,144,-2.242681},{1020,144,4.894332},{1021,144,2.693144},{1078,144,-9.361938},{1079,144,-1.195687},{1152,144,-8.773480},{1153,144,-2.342382},{132,145,-1.815160},{133,145,-3.236184},{136,145,-1.136661},{137,145,-2.859753},{144,145,4.635779},{145,145,25.345112},{146,145,-0.946620},{147,145,-2.729885},{148,145,0.454299},{149,145,-0.378670},{150,145,1.087584},{151,145,-0.391908},{152,145,0.808384},{153,145,-1.851617},{956,145,-2.242681},{957,145,-4.243884},{1020,145,2.693144},{1021,145,4.112497},{1078,145,-1.195687},{1079,145,-4.138153},{1152,145,-2.342382},{1153,145,-9.617555},{132,146,-1.571395},{133,146,1.511824},{140,146,-8.332013},{141,146,-3.472799},{144,146,-5.647632},{145,146,-0.946620},{146,146,23.395878},{147,146,3.025731},{148,146,-4.339727},{149,146,-0.934554},{166,146,-3.495111},{167,146,0.816418},{132,147,1.511824},{133,147,-5.249031},{140,147,-3.472799},{141,147,-8.828189},{144,147,-0.946620},{145,147,-2.729885},{146,147,3.025731},{147,147,27.082761},{148,147,-0.934554},{149,147,-10.180121},{166,147,0.816418},{167,147,-0.085534},{144,148,-3.201038},{145,148,0.454299},{146,148,-4.339727},{147,148,-0.934554},{148,148,30.540645},{149,148,6.356927},{152,148,-13.670444},{153,148,-5.108465},{164,148,-0.088529},{165,148,1.696739},{166,148,-9.230905},{167,148,-2.464946},{144,149,0.454299},{145,149,-0.378670},{146,149,-0.934554},{147,149,-10.180121},{148,149,6.356927},{149,149,31.317270},{152,149,-5.108465},{153,149,-14.674441},{164,149,1.696739},{165,149,-0.456335},{166,149,-2.464946},{167,149,-5.617703},{144,150,3.223843},{145,150,1.087584},{150,150,32.078690},{151,150,4.455868},{152,150,-9.542467},{153,150,-3.191973},{154,150,-5.969773},{155,150,-1.231736},{156,150,-7.725027},{157,150,-1.493905},{158,150,-0.263267},{159,150,0.577564},{160,150,-0.224281},{161,150,1.900207},{956,150,-7.700711},{957,150,0.327200},{960,150,-3.867006},{961,150,-2.430809},{144,151,1.087584},{145,151,-0.391908},{150,151,4.455868},{151,151,25.278143},{152,151,-3.191973},{153,151,-7.684355},{154,151,-1.231736},{155,151,-3.750769},{156,151,-1.493905},{157,151,-4.755973},{158,151,0.577564},{159,151,-3.794593},{160,151,1.900207},{161,151,1.796186},{956,151,0.327200},{957,151,-2.467674},{960,151,-2.430809},{961,151,-4.219058},{144,152,-3.543174},{145,152,0.808384},{148,152,-13.670444},{149,152,-5.108465},{150,152,-9.542467},{151,152,-3.191973},{152,152,36.070964},{153,152,6.488243},{154,152,-6.014268},{155,152,0.537339},{164,152,-3.290610},{165,152,0.466472},{144,153,0.808384},{145,153,-1.851617},{148,153,-5.108465},{149,153,-14.67